   39.9      1      1      1      1
   32.2      1      1      1      2
   36.3      1      1      1      3
   56.0      1      1      2      1
   56.9      1      1      2      2
   56.6      1      1      2      3
   53.5      1      2      1      1
   50.7      1      2      1      2
   52.8      1      2      1      3
   70.9      1      2      2      1
   73.3      1      2      2      2
   71.6      1      2      2      3
   45.2      2      1      1      1
   48.0      2      1      1      2
   47.5      2      1      1      3
   69.4      2      1      2      1
   66.6      2      1      2      2
   68.8      2      1      2      3
   63.3      2      2      1      1
   65.5      2      2      1      2
   63.6      2      2      1      3
   82.9      2      2      2      1
   85.2      2      2      2      2
   82.3      2      2      2      3
