5.19  1  1  1
5.09  1  1  2
4.09  1  2  1
3.99  1  2  2
3.75  1  2  3
4.04  1  2  4
4.06  1  2  5
4.62  1  3  1
4.32  1  3  2
4.35  1  3  3
4.59  1  3  4
3.71  1  4  1
3.86  1  4  2
3.79  1  4  3
3.63  1  4  4
3.26  2  1  1
3.48  2  1  2
3.24  2  1  3
3.41  2  1  4
3.35  2  1  5
3.04  2  1  6
3.02  2  2  1
3.32  2  2  2
2.83  2  2  3
2.96  2  2  4
3.23  2  2  5
3.07  2  2  6
3.08  2  3  1
2.95  2  3  2
2.98  2  3  3
2.74  2  3  4
3.07  2  3  5
2.70  2  3  6
2.98  2  4  1
2.89  2  4  2
2.75  2  4  3
3.04  2  4  4
2.88  2  4  5
3.20  2  4  6
