   1   0.59   0.43  -0.16
   2   0.69   0.53  -0.16
   3   0.82   0.58  -0.24
   4   0.80   0.65  -0.15
   5   0.66   0.38  -0.28
   6   0.67   0.48  -0.19
   7   0.76   0.62  -0.14
   8   0.80   0.60  -0.20
   9   0.72   0.44  -0.28
  10   0.86   0.62  -0.24
  11   0.74   0.60  -0.14
  12   0.72   0.55  -0.17
  13   0.66   0.42  -0.24
  14   0.66   0.56  -0.10
  15   0.68   0.47  -0.21
  16   0.67   0.50  -0.17
  17   0.69   0.54  -0.15
  18   0.85   0.60  -0.25
  19   0.85   0.65  -0.20
  20   0.74   0.58  -0.16
