    7.6      1      1
    8.2      1      2
    6.8      1      3
    5.8      1      4
    6.9      1      5
    6.6      1      6
    6.3      1      7
    7.7      1      8
    6.0      1      9
    6.7      2      1
    8.1      2      2
    9.4      2      3
    8.6      2      4
    7.8      2      5
    7.7      2      6
    8.9      2      7
    7.9      2      8
    8.3      2      9
    8.7      2     10
    7.1      2     11
    8.4      2     12
    8.5      3      1
    9.7      3      2
   10.1      3      3
    7.8      3      4
    9.6      3      5
    9.5      3      6
