   23.0      1      1
   25.0      1      2
   21.0      1      3
   22.0      1      4
   21.0      1      5
   22.0      1      6
   20.0      1      7
   23.0      1      8
   19.0      1      9
   22.0      1     10
   19.0      1     11
   21.0      1     12
   28.0      2      1
   27.0      2      2
   27.0      2      3
   29.0      2      4
   26.0      2      5
   29.0      2      6
   27.0      2      7
   30.0      2      8
   28.0      2      9
   27.0      2     10
   26.0      2     11
   29.0      2     12
   23.0      3      1
   20.0      3      2
   25.0      3      3
   21.0      3      4
   22.0      3      5
   23.0      3      6
   21.0      3      7
   20.0      3      8
   19.0      3      9
   20.0      3     10
   22.0      3     11
   21.0      3     12
