  43.9  1   1
  39.0  1   2
  46.7  1   3
  43.8  1   4
  44.2  1   5
  47.7  1   6
  43.6  1   7
  38.9  1   8
  43.6  1   9
  40.0  1  10
  89.8  2   1
  87.1  2   2
  92.7  2   3
  90.6  2   4
  87.7  2   5
  92.4  2   6
  86.1  2   7
  88.1  2   8
  90.8  2   9
  89.1  2  10
  68.4  3   1
  69.3  3   2
  68.5  3   3
  66.4  3   4
  70.0  3   5
  68.1  3   6
  70.6  3   7
  65.2  3   8
  63.8  3   9
  69.2  3  10
  36.2  4   1
  45.2  4   2
  40.7  4   3
  40.5  4   4
  39.3  4   5
  40.3  4   6
  43.2  4   7
  38.7  4   8
  40.9  4   9
  39.7  4  10
