   73.0      1      1   93.0
   81.0      1      2   98.0
   92.0      1      3   91.0
   76.0      2      1   94.0
   78.0      2      2   93.0
   89.0      2      3   94.0
   75.0      3      1   89.0
   76.0      3      2   91.0
   87.0      3      3   92.0
   74.0      4      1   86.0
   77.0      4      2   84.0
   90.0      4      3   90.0
   76.0      5      1   78.0
   71.0      5      2   76.0
   88.0      5      3   84.0
   73.0      6      1   75.0
   75.0      6      2   74.0
   86.0      6      3   78.0
   68.0      7      1   79.0
   72.0      7      2   76.0
   88.0      7      3   72.0
   64.0      8      1   71.0
   74.0      8      2   69.0
   82.0      8      3   64.0
   65.0      9      1   74.0
   73.0      9      2   71.0
   81.0      9      3   70.0
   62.0     10      1   63.0
   69.0     10      2   68.0
   78.0     10      3   64.0
