   21.0      1      1      1    3.0
   23.0      1      1      2    5.1
   19.0      1      1      3    1.0
   22.0      1      1      4    4.4
   22.0      1      1      5    2.7
   23.0      1      1      6    4.9
   21.0      1      2      1    3.5
   22.0      1      2      2    4.2
   20.0      1      2      3    2.2
   21.0      1      2      4    3.1
   19.0      1      2      5    1.3
   25.0      1      2      6    6.6
   30.0      2      1      1    6.5
   29.0      2      1      2    4.1
   26.0      2      1      3    2.2
   28.0      2      1      4    3.7
   27.0      2      1      5    3.4
   27.0      2      1      6    3.0
   26.0      2      2      1    2.2
   29.0      2      2      2    5.4
   27.0      2      2      3    3.1
   28.0      2      2      4    4.5
   27.0      2      2      5    3.6
   29.0      2      2      6    5.0
   25.0      3      1      1    5.0
   22.0      3      1      2    3.1
   23.0      3      1      3    3.2
   21.0      3      1      4    3.2
   22.0      3      1      5    3.0
   21.0      3      1      6    2.9
   23.0      3      2      1    4.0
   19.0      3      2      2    0.8
   20.0      3      2      3    1.9
   21.0      3      2      4    2.8
   20.0      3      2      5    2.2
   20.0      3      2      6    1.9
