   62.0      1      1      1
   48.0      1      1      2
   63.0      1      1      3
   57.0      1      1      4
   69.0      1      1      5
   57.0      1      2      1
   45.0      1      2      2
   39.0      1      2      3
   54.0      1      2      4
   44.0      1      2      5
   59.0      1      3      1
   53.0      1      3      2
   67.0      1      3      3
   66.0      1      3      4
   47.0      1      3      5
   51.0      2      1      1
   57.0      2      1      2
   45.0      2      1      3
   50.0      2      1      4
   39.0      2      1      5
   61.0      2      2      1
   58.0      2      2      2
   70.0      2      2      3
   66.0      2      2      4
   51.0      2      2      5
   55.0      2      3      1
   58.0      2      3      2
   50.0      2      3      3
   69.0      2      3      4
   49.0      2      3      5
   59.0      3      1      1
   65.0      3      1      2
   55.0      3      1      3
   52.0      3      1      4
   70.0      3      1      5
   58.0      3      2      1
   63.0      3      2      2
   70.0      3      2      3
   53.0      3      2      4
   60.0      3      2      5
   47.0      3      3      1
   56.0      3      3      2
   51.0      3      3      3
   44.0      3      3      4
   50.0      3      3      5
