    4.0      1      1
    3.0      1      2
    2.0      1      3
    3.0      1      4
    4.0      1      5
    4.0      1      6
    3.0      1      7
    6.0      1      8
    5.0      1      9
    4.0      1     10
    2.0      1     11
    4.0      1     12
    4.0      1     13
    2.0      1     14
    3.0      1     15
    4.0      1     16
    7.0      2      1
    6.0      2      2
    4.0      2      3
    6.0      2      4
    7.0      2      5
    2.0      2      6
    9.0      2      7
    5.0      2      8
    5.0      2      9
    9.0      2     10
    3.0      2     11
    8.0      2     12
    6.0      2     13
    4.0      2     14
    7.0      2     15
    6.0      2     16
   12.0      3      1
    6.0      3      2
   14.0      3      3
   12.0      3      4
   10.0      3      5
    9.0      3      6
   12.0      3      7
   17.0      3      8
    7.0      3      9
    6.0      3     10
   12.0      3     11
   11.0      3     12
    6.0      3     13
   13.0      3     14
   10.0      3     15
   14.0      3     16
   17.0      4      1
   15.0      4      2
    7.0      4      3
   20.0      4      4
   13.0      4      5
   11.0      4      6
   16.0      4      7
   25.0      4      8
   11.0      4      9
   24.0      4     10
   18.0      4     11
   21.0      4     12
   16.0      4     13
   19.0      4     14
    9.0      4     15
   23.0      4     16
